0 25
0 19
1 25
1 13
2 25
2 25
3 25
3 25
4 24
4 24
5 3
5 24
6 3
6 19
7 19
7 25
8 10
8 25
9 3
9 25
10 19
10 24
11 25
11 25
12 7
12 13
13 13
13 20
14 24
14 25
15 19
15 25
16 2
16 25
17 2
17 24
18 3
18 19
19 19
19 25
20 20
20 20
21 24
21 24
22 23
22 23
23 23
23 20
24 25
24 25
25 25
25 25
0 19
0 9
1 24
1 24
2 25
2 25
3 19
3 10
4 24
4 19
5 23
5 23
6 25
6 25
7 23
7 10
8 24
8 19
9 9
9 25
10 19
10 14
11 25
11 24
12 24
12 20
13 20
13 20
14 20
14 23
15 24
15 13
16 20
16 24
17 20
17 23
18 23
18 19
19 8
19 25
20 20
20 24
21 19
21 24
22 20
22 20
23 20
23 20
24 20
24 10
25 19
25 19
0 24
0 24
1 24
1 24
2 25
2 5
3 25
3 25
4 25
4 24
5 20
5 25
6 24
6 24
7 25
7 24
8 23
8 25
9 24
9 24
10 23
10 19
11 24
11 25
12 19
12 25
13 14
13 24
14 14
14 24
15 23
15 24
16 25
16 25
17 25
17 25
18 3
18 25
19 24
19 24
20 25
20 25
21 19
21 25
22 25
22 20
23 20
23 25
24 20
24 24
25 14
25 25
0 25
0 25
1 24
1 19
2 25
2 25
3 24
3 24
4 19
4 19
5 25
5 19
6 22
6 24
7 10
7 25
8 25
8 25
9 25
9 24
10 25
10 10
11 25
11 24
12 24
13 25
13 25
14 19
14 24
15 24
15 13
16 19
16 24
17 19
17 25
18 25
18 25
19 25
19 24
20 23
20 20
21 20
21 10
22 23
22 23
23 24
23 23
24 20
24 19
25 25
25 24
0 19
0 25
1 24
1 20
2 25
2 25
3 25
3 13
4 25
4 13
5 19
5 13
6 23
6 24
7 24
7 22
8 3
8 23
9 24
9 23
10 25
10 25
11 22
11 25
12 24
12 25
13 13
13 25
14 25
14 14
15 20
15 24
16 3
16 25
17 24
17 25
18 25
18 3
19 23
19 19
20 24
20 24
21 23
21 13
22 13
22 25
23 24
23 23
24 19
24 25
25 23
25 25
0 25
0 19
1 19
1 18
2 19
2 7
3 21
3 25
4 7
4 25
5 19
5 24
6 19
6 25
7 22
7 19
8 19
8 23
9 9
9 1
10 10
10 22
11 10
11 19
12 25
12 20
13 20
13 20
14 20
14 23
15 20
15 19
16 13
16 20
17 20
17 23
18 12
18 12
19 19
19 24
20 13
20 21
21 20
21 24
22 19
22 20
23 7
23 20
24 13
24 19
25 24
25 19
0 10
0 12
1 19
1 24
2 19
2 19
3 19
3 19
4 23
4 13
5 19
5 20
6 23
6 19
7 24
7 23
8 23
8 24
9 24
9 24
10 19
10 5
11 24
11 20
12 20
12 19
13 24
13 20
14 1
14 14
15 20
15 19
16 24
16 20
17 20
17 23
18 20
18 23
19 20
19 24
20 23
20 19
21 20
21 19
22 19
22 24
23 17
23 23
24 23
24 10
25 19
25 19
0 19
0 24
1 24
1 25
2 13
2 25
3 25
3 13
4 25
4 23
5 25
5 9
6 25
6 19
7 19
7 19
8 10
8 14
9 25
9 20
10 24
10 25
11 25
11 19
12 24
12 20
13 25
13 25
14 23
14 23
15 23
15 25
16 25
16 20
17 20
17 23
18 25
18 23
19 25
19 23
20 24
20 20
21 20
21 25
22 22
22 20
23 20
23 19
24 20
24 20
25 19
25 23
0 5
0 24
1 19
1 19
2 24
2 19
3 19
3 24
4 13
4 24
5 24
5 23
6 20
6 24
7 24
7 23
8 22
8 24
9 23
9 19
10 24
10 24
11 24
11 25
12 24
12 23
13 24
13 20
14 24
14 19
15 19
15 23
16 24
16 25
17 25
17 23
18 23
18 23
19 23
19 25
20 23
20 20
21 24
21 19
22 24
22 2
23 20
23 23
24 23
24 19
25 25
25 19
0 19
0 23
1 19
1 14
2 19
2 25
3 25
3 25
4 25
4 24
5 25
5 24
6 23
6 24
7 12
7 20
8 24
8 25
9 25
9 19
10 23
10 23
11 19
11 25
12 25
12 24
13 23
13 25
14 24
14 25
15 25
15 24
16 25
16 20
17 20
17 13
18 25
18 10
19 22
19 24
20 25
20 24
21 20
21 25
22 25
22 25
23 24
23 20
24 23
24 25
25 24
25 25
0 25
0 19
1 20
1 19
2 23
2 19
3 14
3 19
4 13
4 19
5 13
5 25
6 20
6 24
7 25
7 3
8 3
8 20
9 23
9 25
10 24
10 19
11 19
11 25
12 25
12 13
13 23
13 23
14 13
14 25
15 14
15 19
16 23
16 20
17 25
17 23
18 23
18 9
19 23
19 19
20 24
20 20
21 20
21 13
22 13
22 13
23 19
23 23
24 23
24 25
25 13
25 19
0 25
0 25
1 23
1 19
2 19
2 25
3 1
3 13
4 23
4 19
5 7
5 25
6 20
6 25
7 23
7 23
8 10
8 19
9 14
9 23
10 24
10 25
11 24
11 25
12 25
12 20
13 24
13 24
14 25
14 14
15 14
15 24
16 7
16 20
17 25
17 20
18 20
18 25
19 25
19 23
20 23
20 24
21 20
21 13
22 25
22 24
23 19
23 23
24 23
24 19
25 10
25 25
0 19
0 25
1 23
1 24
2 14
2 25
3 25
3 25
4 24
4 24
5 24
5 23
6 1
6 24
7 24
7 24
8 14
8 10
9 23
9 19
10 24
10 19
11 23
11 24
12 25
12 3
13 24
13 24
14 23
14 14
15 14
15 13
16 23
16 3
17 3
17 25
18 10
18 3
19 3
19 23
20 24
20 24
21 24
21 23
22 24
22 22
23 19
23 3
24 25
24 25
25 24
25 1
0 1
0 24
1 24
1 10
2 24
2 25
3 25
3 24
4 25
4 10
5 10
5 23
6 20
6 25
7 24
7 24
8 23
8 24
9 25
9 19
10 25
10 24
11 24
11 24
12 24
12 20
13 20
13 24
14 20
14 25
15 25
15 23
16 24
16 24
17 25
17 19
18 25
18 25
19 23
19 25
20 25
20 19
21 24
21 19
22 19
22 2
23 24
23 23
24 20
24 8
25 25
25 19
0 25
0 25
1 25
1 19
2 24
2 25
3 25
3 25
4 12
4 24
5 24
5 25
6 20
6 24
7 24
7 19
8 20
8 24
9 25
9 24
10 25
10 24
11 24
11 25
12 19
12 20
13 20
13 20
14 20
14 25
15 23
15 25
16 25
16 20
17 24
17 25
18 14
18 25
19 25
19 25
20 24
20 24
21 20
21 19
22 13
22 23
23 25
23 23
24 19
24 25
25 24
25 25
0 25
0 24
1 10
1 24
2 24
2 25
3 25
3 25
4 24
4 19
5 19
5 25
6 24
6 25
7 24
7 20
8 3
8 9
9 24
9 10
10 25
10 24
11 19
11 25
12 24
12 24
13 24
13 23
14 23
14 20
15 14
15 24
16 10
16 25
17 24
17 12
18 20
18 23
19 23
19 24
20 24
20 20
21 24
21 25
22 24
22 23
23 24
23 24
24 24
24 10
25 23
25 25
0 25
0 20
1 24
1 24
2 19
2 8
3 14
3 19
4 13
4 24
5 19
5 20
6 20
6 20
7 19
7 19
8 23
8 24
9 14
9 19
10 19
10 19
11 24
11 24
12 25
12 24
13 20
13 24
14 24
14 20
15 20
15 24
16 24
16 20
17 20
17 23
18 14
18 23
19 23
19 24
20 24
20 24
21 20
21 19
22 24
22 2
23 23
23 20
24 20
24 25
25 24
25 25
0 25
0 19
1 24
1 13
2 19
2 25
3 25
3 25
4 25
4 24
5 25
5 3
6 20
6 25
7 20
7 24
8 23
8 19
9 25
9 9
10 24
10 24
11 24
11 25
12 24
12 24
13 24
13 24
14 20
14 20
15 20
15 8
16 25
16 20
17 20
17 23
18 20
18 2
19 25
19 24
20 24
20 20
21 21
21 25
22 13
22 19
23 23
23 23
24 20
24 23
25 20
25 19
0 24
0 12
1 19
1 24
2 24
2 25
3 25
3 25
4 24
4 25
5 23
5 23
6 23
6 24
7 22
7 9
8 23
8 25
9 24
9 25
10 25
10 24
11 19
11 23
12 20
12 19
13 20
13 23
14 13
14 20
15 20
15 25
16 24
16 19
17 25
17 23
18 20
18 24
19 25
19 24
20 24
20 23
21 24
21 19
22 24
22 20
23 20
23 19
24 23
24 3
25 10
25 3
0 19
0 23
1 23
1 19
2 19
2 25
3 25
3 25
4 24
4 19
5 10
5 23
6 23
6 23
7 25
7 23
8 23
8 24
9 14
9 20
10 19
10 23
11 19
11 24
12 19
12 23
13 23
13 23
14 23
14 23
15 23
15 22
16 24
16 20
17 20
17 20
18 14
18 17
19 3
19 24
20 24
20 23
21 20
21 25
22 19
22 24
23 19
23 23
24 23
24 20
25 25
25 19
0 25
0 24
1 25
1 10
2 13
2 25
3 25
3 25
4 25
4 7
5 13
5 1
6 23
6 24
7 25
7 23
8 23
8 19
9 19
9 10
10 19
10 19
11 24
11 24
12 25
12 25
13 20
13 20
14 19
14 14
15 14
15 24
16 24
16 20
17 20
17 23
18 13
18 3
19 12
19 20
20 10
20 19
21 17
21 25
22 19
22 19
23 23
23 20
24 20
24 19
25 19
25 25
0 19
0 24
1 24
1 19
2 19
2 25
3 25
3 25
4 14
4 19
5 19
5 19
6 24
6 19
7 13
7 24
8 19
8 19
9 12
9 24
10 24
10 24
11 19
11 25
12 19
12 20
13 20
13 10
14 20
14 23
15 20
15 19
16 19
16 24
17 20
17 20
18 20
18 23
19 25
19 19
20 19
20 20
21 24
21 19
22 19
22 20
23 3
23 20
24 20
24 12
25 20
25 24
0 7
0 24
1 23
1 22
2 19
2 24
3 14
3 24
4 24
4 24
5 25
5 24
6 22
6 24
7 24
7 25
8 23
8 24
9 25
9 24
10 25
10 19
11 24
11 24
12 25
12 24
13 23
13 20
14 24
14 19
15 19
15 24
16 24
16 25
17 25
17 20
18 20
18 23
19 23
19 19
20 25
20 20
21 24
21 10
22 24
22 23
23 23
23 23
24 23
24 19
25 24
25 25
0 19
0 24
1 19
1 25
2 24
2 25
3 25
3 25
4 25
4 25
5 13
5 25
6 23
6 25
7 25
7 24
8 23
8 10
9 25
9 25
10 24
10 19
11 25
11 25
12 25
12 20
13 24
13 24
14 24
14 25
15 14
15 13
16 24
16 24
17 24
17 24
18 24
18 3
19 3
19 24
20 3
20 24
21 20
21 13
22 24
22 25
23 2
23 23
24 25
24 25
25 25
25 25
0 25
0 24
1 10
1 25
2 22
2 3
3 25
3 24
4 25
4 3
5 25
5 13
6 23
6 22
7 25
7 25
8 23
8 23
9 14
9 23
10 25
10 19
11 19
11 24
12 23
12 24
13 24
13 14
14 24
14 23
15 23
15 23
16 3
16 23
17 12
17 23
18 20
18 23
19 23
19 3
20 3
20 13
21 19
21 25
22 19
22 23
23 23
23 5
24 20
24 23
25 23
25 22
0 24
0 25
1 24
1 24
2 13
2 25
3 25
3 25
4 25
4 19
5 19
5 19
6 19
6 24
7 9
7 10
8 20
8 24
9 24
9 25
10 19
10 19
11 24
11 19
12 25
12 19
13 20
13 20
14 24
14 20
15 20
15 10
16 24
16 20
17 20
17 23
18 20
18 25
19 2
19 10
20 24
20 20
21 24
21 10
22 19
22 23
23 20
23 23
24 20
24 24
25 23
25 25
0 8
0 19
1 10
1 19
2 24
2 25
3 25
3 25
4 25
4 13
5 23
5 23
6 25
6 25
7 10
7 13
8 23
8 23
9 24
9 23
10 25
10 19
11 19
11 24
12 24
12 23
13 24
13 20
14 20
14 25
15 19
15 24
16 24
16 20
17 2
17 19
18 20
18 23
19 25
19 24
20 25
20 24
21 24
21 25
22 24
22 23
23 19
23 23
24 19
24 19
25 24
25 25
0 3
0 25
1 24
1 24
2 24
2 25
3 25
3 19
4 19
4 10
5 24
5 20
6 22
6 22
7 24
7 13
8 24
8 24
9 14
9 9
10 1
10 19
11 24
11 25
12 24
12 12
13 25
13 24
14 20
14 14
15 23
15 8
16 8
16 20
17 24
17 25
18 25
18 22
19 19
19 2
20 25
20 12
21 24
21 25
22 24
22 2
23 20
23 20
24 20
24 23
25 24
25 19
0 25
0 25
1 10
1 19
2 19
2 25
3 25
3 23
4 9
4 19
5 13
5 24
6 23
6 13
7 5
7 13
8 23
8 24
9 19
9 13
10 25
10 24
11 24
11 25
12 25
12 24
13 25
13 25
14 10
14 25
15 23
15 19
16 24
16 24
17 20
17 20
18 25
18 3
19 24
19 13
20 20
20 20
21 20
21 19
22 19
22 19
23 25
23 19
24 19
24 19
25 24
25 19
0 19
0 23
1 19
1 25
2 7
2 25
3 25
3 13
4 25
4 25
5 24
5 17
6 24
6 24
7 7
7 23
8 13
8 25
9 25
9 25
10 19
10 24
11 19
11 24
12 10
12 20
13 20
13 25
14 1
14 24
15 14
15 25
16 13
16 13
17 20
17 20
18 25
18 23
19 25
19 24
20 24
20 25
21 23
21 25
22 10
22 20
23 24
23 23
24 20
24 24
25 25
25 25
